1 5 6 9 2 8 3 4 7 
3 9 4 1 5 7 6 2 8 
7 0 2 4 3 6 5 9 1 
2 1 5 3 9 4 8 6 0 
4 3 7 2 6 5 9 1 0 
6 8 9 0 7 0 4 5 3 
5 4 3 6 8 1 0 7 0 
8 7 1 5 4 3 2 0 9 
9 2 0 7 0 0 1 8 5 
-----------------
1 5 6 9 2 8 3 4 7 
3 9 4 1 5 7 6 2 8 
7 0 2 4 3 6 5 9 1 
2 1 5 3 9 4 8 6 0 
4 3 7 2 6 5 9 1 0 
6 8 9 0 7 0 4 5 3 
5 4 3 6 8 1 0 7 0 
8 7 1 5 4 3 2 0 9 
9 2 0 7 0 0 1 8 5 
-----------------
1 5 6 9 2 8 3 4 7 
3 9 4 1 5 7 6 2 8 
7 0 2 4 3 6 5 9 1 
2 1 5 3 9 4 8 6 0 
4 3 7 2 6 5 9 1 0 
6 8 9 0 7 0 4 5 3 
5 4 3 6 8 1 0 7 0 
8 7 1 5 4 3 2 0 9 
9 2 0 7 0 0 1 8 5 
-----------------
